Order Date,Category,Sales,Month,Week,Quarter,DayOfWeek,Is_Weekend,Lag_1,Lag_4,Lag_52,Rolling_Mean_4,Rolling_Mean_12,Previous_Sales
2015-01-04,Furniture,5248.5316,1,1,1,6,1,3030.678,6321.598,0.0,6848.625625,5009.864433333333,3030.678
2015-01-11,Furniture,1079.688,1,2,1,6,1,5248.5316,6262.4145,2712.4280000000003,6580.359025,5380.150233333333,5248.5316
2015-01-18,Furniture,797.194,1,3,1,6,1,1079.688,11779.812,1250.4730000000002,5284.6774000000005,5092.737733333333,1079.688
2015-01-25,Furniture,301.742,1,4,1,6,1,797.194,3030.678,1655.958,2539.0229,5024.401566666666,797.194
2015-02-01,Furniture,7564.25,2,5,1,6,1,301.742,5248.5316,623.6659999999999,1856.7889,4683.067233333333,301.742
2015-02-08,Furniture,1808.942,2,6,1,6,1,7564.25,1079.688,14.56,2435.7185,5021.240066666666,7564.25
2015-02-15,Furniture,244.70399999999998,2,7,1,6,1,1808.942,797.194,1779.618,2618.032,4849.212425,1808.942
2015-02-22,Furniture,35.544,2,8,1,6,1,244.70399999999998,301.742,45.480000000000004,2479.9095,4066.7050916666667,244.70399999999998
2015-03-01,Furniture,2457.9344,3,9,1,6,1,35.544,7564.25,1893.995,2413.36,3706.2581749999995,35.544
2015-03-08,Furniture,3490.999,3,10,1,6,1,2457.9344,1808.942,1895.786,1136.7811000000002,3384.2862083333334,2457.9344
2015-03-15,Furniture,1422.144,3,11,1,6,1,3490.999,244.70399999999998,1193.9360000000001,1557.2953499999999,3153.3349166666667,3490.999
2015-03-22,Furniture,690.5156,3,12,1,6,1,1422.144,35.544,5318.368,1851.65535,2290.1959166666666,1422.144
2015-03-29,Furniture,5094.25,3,13,1,6,1,690.5156,2457.9344,3146.3830000000003,2015.3982500000002,2095.1823833333333,690.5156
2015-04-05,Furniture,2296.918,4,14,2,6,1,5094.25,3490.999,2242.022,2674.47715,2082.3255833333333,5094.25
2015-04-12,Furniture,491.79999999999995,4,15,2,6,1,2296.918,1422.144,1805.0810000000001,2375.9569,2183.7614166666667,2296.918
2015-04-19,Furniture,3812.1519999999996,4,16,2,6,1,491.79999999999995,690.5156,1786.568,2143.3709000000003,2158.3119166666665,491.79999999999995
2015-04-26,Furniture,2718.1275,4,17,2,6,1,3812.1519999999996,5094.25,2605.65,2923.7799999999997,2450.8460833333334,3812.1519999999996
2015-05-03,Furniture,3119.373,5,18,2,6,1,2718.1275,2296.918,670.6439999999999,2329.749375,2047.0025416666665,2718.1275
2015-05-10,Furniture,632.61,5,19,2,6,1,3119.373,491.79999999999995,3080.26,2535.363125,2156.205125,3119.373
2015-05-17,Furniture,1666.7234999999998,5,20,2,6,1,632.61,3812.1519999999996,1707.294,2570.5656249999997,2188.530625,632.61
2015-05-24,Furniture,841.117,5,21,2,6,1,1666.7234999999998,2718.1275,287.284,2034.2085,2324.46225,1666.7234999999998
2015-05-31,Furniture,4660.952,5,22,2,6,1,841.117,3119.373,3822.3689999999997,1564.955875,2189.7274666666667,841.117
2015-06-07,Furniture,1557.918,6,23,2,6,1,4660.952,632.61,3091.835,1950.350625,2287.22355,4660.952
2015-06-14,Furniture,1824.688,6,24,2,6,1,1557.918,1666.7234999999998,4344.545999999999,2181.6776250000003,2298.53805,1557.918
2015-06-21,Furniture,1651.868,6,25,2,6,1,1824.688,841.117,1979.1276,2221.1687500000003,2393.0524166666664,1824.688
2015-06-28,Furniture,2541.719,6,26,2,6,1,1651.868,4660.952,1766.5569999999998,2423.8565,2106.1872500000004,1651.868
2015-07-05,Furniture,1620.552,7,27,3,6,1,2541.719,1557.918,711.216,1894.04825,2126.5873333333334,2541.719
2015-07-12,Furniture,2071.887,7,28,3,6,1,1620.552,1824.688,3591.509,1909.70675,2220.65,1620.552
2015-07-19,Furniture,5135.326,7,29,3,6,1,2071.887,1651.868,1402.812,1971.5065000000002,2075.627916666667,2071.887
2015-07-26,Furniture,3732.6989999999996,7,30,3,6,1,5135.326,2541.719,3617.786,2842.371,2277.061125,5135.326
2015-08-02,Furniture,2645.398,8,31,3,6,1,3732.6989999999996,1620.552,1760.6059999999998,3140.116,2328.1716250000004,3732.6989999999996
2015-08-09,Furniture,2497.5592,8,32,3,6,1,2645.398,2071.887,2621.196,3396.3275,2495.9039583333333,2645.398
2015-08-16,Furniture,737.764,8,33,3,6,1,2497.5592,5135.326,1146.018,3502.7455499999996,2565.140266666667,2497.5592
2015-08-23,Furniture,1754.848,8,34,3,6,1,737.764,3732.6989999999996,1867.176,2403.35505,2556.527516666667,737.764
2015-08-30,Furniture,1702.134,8,35,3,6,1,1754.848,2645.398,1423.0785,1908.8923,2314.3521833333334,1754.848
2015-09-06,Furniture,3433.866,9,36,3,6,1,1702.134,2497.5592,1859.167,1673.0763000000002,2326.3701833333334,1702.134
2015-09-13,Furniture,4388.054,9,37,3,6,1,3433.866,737.764,11399.296,1907.1530000000002,2460.46835,3433.866
2015-09-20,Furniture,13213.143999999998,9,38,3,6,1,4388.054,1754.848,4195.0380000000005,2819.7255000000005,2688.48385,4388.054
2015-09-27,Furniture,6790.79,9,39,3,6,1,13213.143999999998,1702.134,3194.3518000000004,5684.299499999999,3577.7692666666667,13213.143999999998
2015-10-04,Furniture,625.072,10,40,4,6,1,6790.79,3433.866,4313.877,6956.463499999999,4008.6224333333334,6790.79
2015-10-11,Furniture,2285.8255,10,41,4,6,1,625.072,4388.054,805.102,6254.264999999999,3888.054516666667,625.072
2015-10-18,Furniture,4635.1539999999995,10,42,4,6,1,2285.8255,13213.143999999998,4528.638,5728.707875,3650.596141666667,2285.8255
2015-10-25,Furniture,3658.9049999999997,10,43,4,6,1,4635.1539999999995,6790.79,1617.228,3584.2103749999997,3725.8007249999996,4635.1539999999995
2015-11-01,Furniture,1916.055,11,44,4,6,1,3658.9049999999997,625.072,4397.754,2801.239125,3810.259641666666,3658.9049999999997
2015-11-08,Furniture,12301.111,11,45,4,6,1,1916.055,2285.8255,3506.176,3123.9848749999996,3761.800958333333,1916.055
2015-11-15,Furniture,4735.0851999999995,11,46,4,6,1,12301.111,4635.1539999999995,3873.2736999999997,5627.80625,4725.413208333333,12301.111
2015-11-22,Furniture,7512.5888,11,47,4,6,1,4735.0851999999995,3658.9049999999997,9634.792,5652.789049999999,4973.766308333333,4735.0851999999995
2015-11-29,Furniture,4122.4595,11,48,4,6,1,7512.5888,1916.055,4360.907,6616.21,5457.970875,7512.5888
2015-12-06,Furniture,10053.807,12,49,4,6,1,4122.4595,12301.111,6321.598,7167.811125,5515.353666666666,4122.4595
2015-12-13,Furniture,2957.9900000000002,12,50,4,6,1,10053.807,4735.0851999999995,6262.4145,6605.985125,5987.49975,10053.807
2015-12-20,Furniture,3279.6040000000003,12,51,4,6,1,2957.9900000000002,7512.5888,11779.812,6161.711325000001,5132.903583333334,2957.9900000000002
2015-12-27,Furniture,7894.8582,12,52,4,6,1,3279.6040000000003,4122.4595,3030.678,5103.465125000001,4840.30475,3279.6040000000003
2016-01-03,Furniture,1781.55,1,53,1,6,1,7894.8582,10053.807,5248.5316,6046.5648,5446.120266666666,7894.8582
2016-01-10,Furniture,1708.894,1,1,1,6,1,1781.55,2957.9900000000002,1079.688,3978.5005499999997,5404.097308333333,1781.55
2016-01-17,Furniture,875.155,1,2,1,6,1,1708.894,3279.6040000000003,797.194,3666.22655,5160.242308333333,1708.894
2016-01-24,Furniture,1802.354,1,3,1,6,1,875.155,7894.8582,301.742,3065.1142999999997,4928.263141666666,875.155
2016-01-31,Furniture,1469.55,1,4,1,6,1,1802.354,1781.55,7564.25,1541.9882499999999,4918.7880583333335,1802.354
2016-02-07,Furniture,1922.014,2,5,1,6,1,1469.55,1708.894,1808.942,1463.9882499999999,4016.157975,1469.55
2016-02-14,Furniture,802.491,2,6,1,6,1,1922.014,875.155,244.70399999999998,1517.2682499999999,3781.735375,1922.014
2016-02-21,Furniture,1184.854,2,7,1,6,1,802.491,1802.354,35.544,1499.10225,3222.560558333333,802.491
2016-02-28,Furniture,16.192,2,8,1,6,1,1184.854,1469.55,2457.9344,1344.7272500000001,2977.7601,1184.854
2016-03-06,Furniture,2378.218,3,9,1,6,1,16.192,1922.014,3490.999,981.38775,2141.2921833333335,16.192
2016-03-13,Furniture,2969.683,3,10,1,6,1,2378.218,802.491,1422.144,1095.4387499999998,2092.9778499999998,2378.218
2016-03-20,Furniture,4409.784,3,11,1,6,1,2969.683,1184.854,690.5156,1637.23675,2067.1510999999996,2969.683
2016-03-27,Furniture,1157.32,3,12,1,6,1,4409.784,16.192,5094.25,2443.46925,1776.7282500000001,4409.784
2016-04-03,Furniture,4736.639,4,13,2,6,1,1157.32,2378.218,2296.918,2728.7512500000003,1724.7090833333334,1157.32
2016-04-10,Furniture,2322.259,4,14,2,6,1,4736.639,2969.683,491.79999999999995,3318.3565,1977.0211666666667,4736.639
2016-04-17,Furniture,3980.667,4,15,2,6,1,2322.259,4409.784,3812.1519999999996,3156.5005,2097.6131666666665,2322.259
2016-04-24,Furniture,3417.558,4,16,2,6,1,3980.667,1157.32,2718.1275,3049.22125,2279.1392499999997,3980.667
2016-05-01,Furniture,1011.6740000000001,5,17,2,6,1,3417.558,4736.639,3119.373,3614.2807500000004,2441.47325,3417.558
2016-05-08,Furniture,3720.208,5,18,2,6,1,1011.6740000000001,2322.259,632.61,2683.0395,2365.6115833333333,1011.6740000000001
2016-05-15,Furniture,119.596,5,19,2,6,1,3720.208,3980.667,1666.7234999999998,3032.5267500000004,2608.7546666666663,3720.208
2016-05-22,Furniture,2419.8140000000003,5,20,2,6,1,119.596,3417.558,841.117,2067.259,2519.9831666666664,119.596
2016-05-29,Furniture,4974.146000000001,5,21,2,6,1,2419.8140000000003,1011.6740000000001,4660.952,1817.8230000000003,2720.285,2419.8140000000003
2016-06-05,Furniture,4397.08,6,22,2,6,1,4974.146000000001,3720.208,1557.918,2808.4410000000003,2936.612333333333,4974.146000000001
2016-06-12,Furniture,4048.584,6,23,2,6,1,4397.08,119.596,1824.688,2977.6590000000006,3055.5620833333337,4397.08
2016-06-19,Furniture,5039.159,6,24,2,6,1,4048.584,2419.8140000000003,1651.868,3959.9060000000004,3025.462083333334,4048.584
2016-06-26,Furniture,1172.722,6,25,2,6,1,5039.159,4974.146000000001,2541.719,4614.74225,3348.948666666667,5039.159
2016-07-03,Furniture,2652.092,7,26,3,6,1,1172.722,4397.08,1620.552,3664.38625,3051.955583333333,1172.722
2016-07-10,Furniture,3383.409,7,27,3,6,1,2652.092,4048.584,2071.887,3228.13925,3079.441666666667,2652.092
2016-07-17,Furniture,938.688,7,28,3,6,1,3383.409,5039.159,5135.326,3061.8455000000004,3029.670166666667,3383.409
2016-07-24,Furniture,2886.402,7,29,3,6,1,938.688,1172.722,3732.6989999999996,2036.7277500000002,2823.097666666667,938.688
2016-07-31,Furniture,5136.406,7,30,3,6,1,2886.402,2652.092,2645.398,2465.1477500000005,2979.3250000000003,2886.402
2016-08-07,Furniture,265.576,8,31,3,6,1,5136.406,3383.409,2497.5592,3086.22625,3097.3415,5136.406
2016-08-14,Furniture,1672.1885,8,32,3,6,1,265.576,938.688,737.764,2306.768,3109.5065,265.576
2016-08-21,Furniture,4989.024,8,33,3,6,1,1672.1885,2886.402,1754.848,2490.143125,3047.204375,1672.1885
2016-08-28,Furniture,4316.8598,8,34,3,6,1,4989.024,5136.406,1702.134,3015.7986250000004,3048.444208333333,4989.024
2016-09-04,Furniture,3680.764,9,35,3,6,1,4316.8598,265.576,3433.866,2810.912075,3041.7591916666665,4316.8598
2016-09-11,Furniture,7875.1886,9,36,3,6,1,3680.764,1672.1885,4388.054,3664.7090749999998,3011.107525,3680.764
2016-09-18,Furniture,8188.896,9,37,3,6,1,7875.1886,4989.024,13213.143999999998,5215.4591,3247.443325,7875.1886
2016-09-25,Furniture,5649.551,9,38,3,6,1,8188.896,4316.8598,6790.79,6015.4271,3832.124491666667,8188.896
2016-10-02,Furniture,3675.3513,10,39,4,6,1,5649.551,3680.764,625.072,6348.599899999999,4081.912741666667,5649.551
2016-10-09,Furniture,2357.56,10,40,4,6,1,3675.3513,7875.1886,2285.8255,6347.246725,4106.241266666667,3675.3513
2016-10-16,Furniture,1488.15,10,41,4,6,1,2357.56,8188.896,4635.1539999999995,4967.839575,4224.4806,2357.56
2016-10-23,Furniture,3256.664,10,42,4,6,1,1488.15,5649.551,3658.9049999999997,3292.653075,4107.9596,1488.15
2016-10-30,Furniture,1937.192,10,43,4,6,1,3256.664,3675.3513,1916.055,2694.431325,3951.3144333333335,3256.664
2016-11-06,Furniture,9356.0708,11,44,4,6,1,1937.192,2357.56,12301.111,2259.8914999999997,4090.6157666666672,1937.192
2016-11-13,Furniture,11346.386,11,45,4,6,1,9356.0708,1488.15,4735.0851999999995,4009.5192,4730.939291666667,9356.0708
2016-11-20,Furniture,2779.976,11,46,4,6,1,11346.386,3256.664,7512.5888,6474.0782,5260.719458333334,11346.386
2016-11-27,Furniture,9404.303,11,47,4,6,1,2779.976,1937.192,4122.4595,6354.9062,5132.645808333334,2779.976
2016-12-04,Furniture,6087.365,12,48,4,6,1,9404.303,9356.0708,10053.807,8221.68395,5609.607391666667,9404.303
2016-12-11,Furniture,10282.552,12,49,4,6,1,6087.365,11346.386,2957.9900000000002,7404.5075,5460.622091666667,6087.365
2016-12-18,Furniture,8186.791,12,50,4,6,1,10282.552,2779.976,3279.6040000000003,7138.549000000001,5635.093425,10282.552
2016-12-25,Furniture,10181.337,12,51,4,6,1,8186.791,9404.303,7894.8582,8490.25275,5846.5300916666665,8186.791
2017-01-01,Furniture,4078.7780000000002,1,52,1,6,1,10181.337,6087.365,1781.55,8684.51125,6388.695566666666,10181.337
2017-01-08,Furniture,1806.4099999999999,1,1,1,6,1,4078.7780000000002,10282.552,1708.894,8182.3645,6532.130400000001,4078.7780000000002
2017-01-15,Furniture,269.58,1,2,1,6,1,1806.4099999999999,8186.791,875.155,6063.329,6558.6520666666665,1806.4099999999999
2017-01-22,Furniture,1942.327,1,3,1,6,1,269.58,10181.337,1802.354,4084.02625,6309.7284,269.58
2017-01-29,Furniture,326.34999999999997,1,4,1,6,1,1942.327,4078.7780000000002,1469.55,2024.27375,6310.1563166666665,1942.327
2017-02-05,Furniture,962.9150000000001,2,5,1,6,1,326.34999999999997,1806.4099999999999,1922.014,1086.1667499999999,5557.6795833333335,326.34999999999997
2017-02-12,Furniture,1940.545,2,6,1,6,1,962.9150000000001,269.58,802.491,875.293,4692.390333333333,962.9150000000001
2017-02-19,Furniture,2716.0204,2,7,1,6,1,1940.545,1942.327,1184.854,1293.0342500000002,4622.43775,1940.545
2017-02-26,Furniture,1890.732,2,8,1,6,1,2716.0204,326.34999999999997,16.192,1486.4576,4065.0808666666658,2716.0204
2017-03-05,Furniture,1296.464,3,9,1,6,1,1890.732,962.9150000000001,2378.218,1877.5531,3715.36145,1890.732
2017-03-12,Furniture,1237.43,3,10,1,6,1,1296.464,1940.545,2969.683,1960.9403499999999,2966.5207833333334,1296.464
2017-03-19,Furniture,951.646,3,11,1,6,1,1237.43,2716.0204,4409.784,1785.1616,2387.407366666667,1237.43
2017-03-26,Furniture,4827.308,3,12,1,6,1,951.646,1890.732,1157.32,1344.068,1618.26645,951.646
2017-04-02,Furniture,3846.4728,4,13,2,6,1,4827.308,1296.464,4736.639,2078.212,1680.64395,4827.308
2017-04-09,Furniture,1775.1585,4,14,2,6,1,3846.4728,1237.43,2322.259,2715.7142,1850.6491833333332,3846.4728
2017-04-16,Furniture,1300.0529999999999,4,15,2,6,1,1775.1585,951.646,3980.667,2850.1463249999997,1976.1140583333333,1775.1585
2017-04-23,Furniture,2660.362,4,16,2,6,1,1300.0529999999999,4827.308,3417.558,2937.2480749999995,1922.5912250000001,1300.0529999999999
2017-04-30,Furniture,2064.5086,4,17,2,6,1,2660.362,3846.4728,1011.6740000000001,2395.511575,2117.092225,2660.362
2017-05-07,Furniture,7563.8318,5,18,2,6,1,2064.5086,1775.1585,3720.208,1950.0205250000001,2208.8916916666667,2064.5086
2017-05-14,Furniture,2854.305,5,19,2,6,1,7563.8318,1300.0529999999999,119.596,3397.18885,2677.498925,7563.8318
2017-05-21,Furniture,4315.426,5,20,2,6,1,2854.305,2660.362,2419.8140000000003,3785.75185,2689.0226416666665,2854.305
2017-05-28,Furniture,1684.103,5,21,2,6,1,4315.426,2064.5086,4974.146000000001,4199.51785,2891.080475,4315.426
2017-06-04,Furniture,3189.5964000000004,6,22,2,6,1,1684.103,7563.8318,4397.08,4104.41645,2923.383725,1684.103
2017-06-11,Furniture,2604.894,6,23,2,6,1,3189.5964000000004,2854.305,4048.584,3010.8576000000003,3086.064258333334,3189.5964000000004
2017-06-18,Furniture,5614.8635,6,24,2,6,1,2604.894,4315.426,5039.159,2948.50485,3223.8349250000006,2604.894
2017-06-25,Furniture,3534.223,6,25,2,6,1,5614.8635,1684.103,1172.722,3273.3642250000003,3289.46455,5614.8635
2017-07-02,Furniture,4604.9022,7,26,3,6,1,3534.223,3189.5964000000004,2652.092,3735.8942250000005,3263.4437333333335,3534.223
2017-07-09,Furniture,2807.842,7,27,3,6,1,4604.9022,2604.894,3383.409,4089.7206750000005,3499.255708333334,4604.9022
2017-07-16,Furniture,2963.551,7,28,3,6,1,2807.842,5614.8635,938.688,4140.457675000001,3624.9047916666673,2807.842
2017-07-23,Furniture,4442.237,7,29,3,6,1,2963.551,3534.223,2886.402,3477.62955,3650.170541666667,2963.551
2017-07-30,Furniture,1562.432,7,30,3,6,1,4442.237,4604.9022,5136.406,3704.6330500000004,3848.3145750000003,4442.237
2017-08-06,Furniture,505.432,8,31,3,6,1,1562.432,2807.842,265.576,2944.0155,3348.1979250000004,1562.432
2017-08-13,Furniture,2670.686,8,32,3,6,1,505.432,2963.551,1672.1885,2368.413,3152.4585083333336,505.432
2017-08-20,Furniture,5592.79,8,33,3,6,1,2670.686,4442.237,4989.024,2295.19675,3015.396841666667,2670.686
2017-08-27,Furniture,4854.588,8,34,3,6,1,5592.79,1562.432,4316.8598,2582.835,3341.120758333333,5592.79
2017-09-03,Furniture,5900.241,9,35,3,6,1,4854.588,505.432,3680.764,3405.874,3479.8700583333334,4854.588
2017-09-10,Furniture,6038.825,9,36,3,6,1,5900.241,2670.686,7875.1886,4754.57625,3754.4823083333335,5900.241
2017-09-17,Furniture,8620.542,9,37,3,6,1,6038.825,5592.79,8188.896,5596.611,3789.812433333333,6038.825
2017-09-24,Furniture,8494.12,9,38,3,6,1,8620.542,4854.588,5649.551,6353.549,4213.67235,8620.542
2017-10-01,Furniture,2389.576,10,39,4,6,1,8494.12,5900.241,3675.3513,7263.432000000001,4537.773833333333,8494.12
2017-10-08,Furniture,4619.608,10,40,4,6,1,2389.576,6038.825,2357.56,6385.76575,4502.918333333333,2389.576
2017-10-15,Furniture,6753.495,10,41,4,6,1,4619.608,8620.542,1488.15,6030.961499999999,4640.923083333333,4619.608
2017-10-22,Furniture,5757.599200000001,10,42,4,6,1,6753.495,8494.12,3256.664,5564.19975,4833.527916666667,6753.495
2017-10-29,Furniture,2891.848,10,43,4,6,1,5757.599200000001,2389.576,1937.192,4880.06955,5183.125183333334,5757.599200000001
2017-11-05,Furniture,8570.84,11,44,4,6,1,2891.848,4619.608,9356.0708,5005.6375499999995,5381.993183333333,2891.848
2017-11-12,Furniture,6318.566,11,45,4,6,1,8570.84,6753.495,11346.386,5993.44555,5873.672683333333,8570.84
2017-11-19,Furniture,7207.635,11,46,4,6,1,6318.566,5757.599200000001,2779.976,5884.7133,5934.154016666667,6318.566
2017-11-26,Furniture,6914.896,11,47,4,6,1,7207.635,2891.848,9404.303,6247.22225,6130.241266666667,7207.635
2017-12-03,Furniture,16008.172,12,48,4,6,1,6914.896,8570.84,6087.365,7252.9842499999995,6214.7958499999995,6914.896
2017-12-10,Furniture,8794.404,12,49,4,6,1,16008.172,6318.566,10282.552,9112.31725,7045.574766666666,16008.172
2017-12-17,Furniture,4639.819,12,50,4,6,1,8794.404,7207.635,8186.791,9731.27675,7060.063266666667,8794.404
2017-12-24,Furniture,7274.043000000001,12,51,4,6,1,4639.819,6914.896,10181.337,9089.322750000001,6738.871516666666,4639.819
2017-12-31,Furniture,4037.5648,12,52,4,6,1,7274.043000000001,16008.172,4078.7780000000002,9179.1095,7145.9104333333335,7274.043000000001
2015-01-04,Office Supplies,1817.335,1,1,1,6,1,7847.816,4481.544,324.044,4104.46775,4170.741916666667,7847.816
2015-01-11,Office Supplies,629.296,1,2,1,6,1,1817.335,1266.396,708.004,3438.4155,4168.7401666666665,1817.335
2015-01-18,Office Supplies,651.016,1,3,1,6,1,629.296,2822.1150000000002,2337.764,3279.1405,4040.978333333334,629.296
2015-01-25,Office Supplies,56.78,1,4,1,6,1,651.016,7847.816,1143.17,2736.36575,3984.576833333333,651.016
2015-02-01,Office Supplies,242.94400000000002,2,5,1,6,1,56.78,1817.335,368.784,788.60675,3708.733333333333,56.78
2015-02-08,Office Supplies,1293.1599999999999,2,6,1,6,1,242.94400000000002,629.296,320.408,395.009,3457.7020833333336,242.94400000000002
2015-02-15,Office Supplies,802.83,2,7,1,6,1,1293.1599999999999,651.016,526.056,560.9749999999999,2976.8800833333335,1293.1599999999999
2015-02-22,Office Supplies,3187.98,2,8,1,6,1,802.83,56.78,119.446,598.9285,2236.6116666666667,802.83
2015-03-01,Office Supplies,201.697,3,9,1,6,1,3187.98,242.94400000000002,429.528,1381.7285000000002,2091.601,3187.98
2015-03-08,Office Supplies,1173.854,3,10,1,6,1,201.697,1293.1599999999999,1597.222,1371.4167499999999,1734.9470833333335,201.697
2015-03-15,Office Supplies,817.1680000000001,3,11,1,6,1,1173.854,802.83,1667.026,1341.59025,1727.23525,1173.854
2015-03-22,Office Supplies,11666.769,3,12,1,6,1,817.1680000000001,3187.98,3519.795,1345.1747500000001,1560.1563333333331,817.1680000000001
2015-03-29,Office Supplies,1985.26,3,13,1,6,1,11666.769,201.697,713.356,3464.8720000000003,1878.4024166666666,11666.769
2015-04-05,Office Supplies,1806.398,4,14,2,6,1,1985.26,1173.854,7019.2300000000005,3910.7627500000003,1892.3961666666667,1985.26
2015-04-12,Office Supplies,1695.722,4,15,2,6,1,1806.398,817.1680000000001,1023.2180000000001,4068.8987500000003,1990.4880000000003,1806.398
2015-04-19,Office Supplies,3611.76,4,16,2,6,1,1695.722,11666.769,507.73199999999997,4288.53725,2077.5468333333333,1695.722
2015-04-26,Office Supplies,1400.974,4,17,2,6,1,3611.76,1985.26,1501.6280000000002,2274.785,2373.795166666667,3611.76
2015-05-03,Office Supplies,4794.344,5,18,2,6,1,1400.974,1806.398,2103.906,2128.7135,2470.297666666667,1400.974
2015-05-10,Office Supplies,808.648,5,19,2,6,1,4794.344,1695.722,990.466,2875.7000000000003,2762.063,4794.344
2015-05-17,Office Supplies,2126.434,5,20,2,6,1,808.648,3611.76,580.5559999999999,2653.9315,2762.5478333333335,808.648
2015-05-24,Office Supplies,1439.932,5,21,2,6,1,2126.434,1400.974,4254.4039999999995,2282.6000000000004,2674.0856666666664,2126.434
2015-05-31,Office Supplies,4109.978,5,22,2,6,1,1439.932,4794.344,3346.1679999999997,2292.3395,2777.2719166666666,1439.932
2015-06-07,Office Supplies,609.726,6,23,2,6,1,4109.978,808.648,2761.063,2121.248,3021.9489166666667,4109.978
2015-06-14,Office Supplies,3240.98,6,24,2,6,1,609.726,2126.434,889.894,2071.5175,3004.662083333333,609.726
2015-06-21,Office Supplies,4274.055,6,25,2,6,1,3240.98,1439.932,5405.64,2350.154,2302.5130000000004,3240.98
2015-06-28,Office Supplies,2498.026,6,26,2,6,1,4274.055,4109.978,874.286,3058.6847500000003,2493.2459166666667,4274.055
2015-07-05,Office Supplies,1049.212,7,27,3,6,1,2498.026,609.726,1749.114,2655.69675,2550.8815833333333,2498.026
2015-07-12,Office Supplies,1725.702,7,28,3,6,1,1049.212,3240.98,958.15,2765.56825,2497.0057500000003,1049.212
2015-07-19,Office Supplies,654.9069999999999,7,29,3,6,1,1725.702,4274.055,1438.8,2386.74875,2339.83425,1725.702
2015-07-26,Office Supplies,1170.336,7,30,3,6,1,654.9069999999999,2498.026,11651.504,1481.96175,2277.6620000000003,654.9069999999999
2015-08-02,Office Supplies,166.23000000000002,8,31,3,6,1,1170.336,1049.212,1371.788,1150.03925,1975.6613333333335,1170.336
2015-08-09,Office Supplies,2645.9700000000003,8,32,3,6,1,166.23000000000002,1725.702,5203.664,929.29375,1922.1265,166.23000000000002
2015-08-16,Office Supplies,1626.0,8,33,3,6,1,2645.9700000000003,654.9069999999999,1756.364,1159.36075,1965.421166666667,2645.9700000000003
2015-08-23,Office Supplies,2166.7039999999997,8,34,3,6,1,1626.0,1170.336,1915.08,1402.134,1980.9268333333337,1626.0
2015-08-30,Office Supplies,5058.426,8,35,3,6,1,2166.7039999999997,166.23000000000002,1195.83,1651.226,1818.9873333333333,2166.7039999999997
2015-09-06,Office Supplies,3242.538,9,36,3,6,1,5058.426,2645.9700000000003,3016.202,2874.275,2189.7123333333334,5058.426
2015-09-13,Office Supplies,3991.897,9,37,3,6,1,3242.538,1626.0,5916.278,3023.4170000000004,2189.842166666667,3242.538
2015-09-20,Office Supplies,5613.952,9,38,3,6,1,3991.897,2166.7039999999997,1470.678,3614.89125,2166.329,3991.897
2015-09-27,Office Supplies,5960.3,9,39,3,6,1,5613.952,5058.426,11778.486,4476.7032500000005,2425.9894999999997,5613.952
2015-10-04,Office Supplies,1584.474,10,40,4,6,1,5960.3,3242.538,5684.186,4702.17175,2835.246833333333,5960.3
2015-10-11,Office Supplies,2526.951,10,41,4,6,1,1584.474,3991.897,1841.356,4287.65575,2823.477833333334,1584.474
2015-10-18,Office Supplies,349.012,10,42,4,6,1,2526.951,5613.952,2162.438,3921.4192500000004,2979.4815000000003,2526.951
2015-10-25,Office Supplies,2064.894,10,43,4,6,1,349.012,5960.3,1327.834,2605.1842500000002,2911.0378333333333,349.012
2015-11-01,Office Supplies,2886.2470000000003,11,44,4,6,1,2064.894,1584.474,3366.902,1631.33275,3069.2598333333335,2064.894
2015-11-08,Office Supplies,3585.5389999999998,11,45,4,6,1,2886.2470000000003,2526.951,3255.319,1956.776,3089.282916666667,2886.2470000000003
2015-11-15,Office Supplies,6325.362,11,46,4,6,1,3585.5389999999998,349.012,7063.024,2221.423,3252.5778333333333,3585.5389999999998
2015-11-22,Office Supplies,4074.688,11,47,4,6,1,6325.362,2064.894,9686.051,3715.5105,3599.1326666666664,6325.362
2015-11-29,Office Supplies,6797.1759999999995,11,48,4,6,1,4074.688,2886.2470000000003,4928.108,4217.959000000001,3517.1545,4074.688
2015-12-06,Office Supplies,6559.359,12,49,4,6,1,6797.1759999999995,3585.5389999999998,4481.544,5195.69125,3813.374333333333,6797.1759999999995
2015-12-13,Office Supplies,2698.81,12,50,4,6,1,6559.359,6325.362,1266.396,5939.14625,4027.3295,6559.359
2015-12-20,Office Supplies,2522.428,12,51,4,6,1,2698.81,4074.688,2822.1150000000002,5032.50825,3784.4010000000003,2698.81
2015-12-27,Office Supplies,3019.214,12,52,4,6,1,2522.428,6797.1759999999995,7847.816,4644.44325,3497.911666666667,2522.428
2016-01-03,Office Supplies,1939.0,1,53,1,6,1,3019.214,6559.359,1817.335,3699.95275,3617.4733333333334,3019.214
2016-01-10,Office Supplies,359.494,1,1,1,6,1,1939.0,2698.81,629.296,2544.863,3568.477416666667,1939.0
2016-01-17,Office Supplies,445.236,1,2,1,6,1,359.494,2522.428,651.016,1960.034,3569.3509166666668,359.494
2016-01-24,Office Supplies,1780.46,1,3,1,6,1,445.236,3019.214,56.78,1440.736,3434.3794166666667,445.236
2016-01-31,Office Supplies,2588.152,1,4,1,6,1,1780.46,1939.0,242.94400000000002,1131.0475000000001,3342.2304999999997,1780.46
2016-02-07,Office Supplies,1875.812,2,5,1,6,1,2588.152,359.494,1293.1599999999999,1293.3355000000001,3259.114916666667,2588.152
2016-02-14,Office Supplies,1789.79,2,6,1,6,1,1875.812,445.236,802.83,1672.415,2888.3190833333333,1875.812
2016-02-21,Office Supplies,2148.198,2,7,1,6,1,1789.79,1780.46,3187.98,2008.5535,2697.9109166666663,1789.79
2016-02-28,Office Supplies,869.446,2,8,1,6,1,2148.198,2588.152,201.697,2100.4880000000003,2310.496083333333,2148.198
2016-03-06,Office Supplies,5475.733,3,9,1,6,1,869.446,1875.812,1173.854,1670.8115,1836.3366666666664,869.446
2016-03-13,Office Supplies,8292.273,3,10,1,6,1,5475.733,1789.79,817.1680000000001,2570.79175,2067.7469166666665,5475.733
2016-03-20,Office Supplies,2709.883,3,11,1,6,1,8292.273,2148.198,11666.769,4196.4125,2548.5673333333334,8292.273
2016-03-27,Office Supplies,713.37,3,12,1,6,1,2709.883,869.446,1985.26,4336.83375,2522.78975,2709.883
2016-04-03,Office Supplies,1165.732,4,13,2,6,1,713.37,5475.733,1806.398,4297.81475,2420.6539166666666,713.37
2016-04-10,Office Supplies,4128.512,4,14,2,6,1,1165.732,8292.273,1695.722,3220.3144999999995,2487.840416666667,1165.732
2016-04-17,Office Supplies,1119.988,4,15,2,6,1,4128.512,2709.883,3611.76,2179.37425,2794.7800833333336,4128.512
2016-04-24,Office Supplies,4421.475,4,16,2,6,1,1119.988,713.37,1400.974,1781.9005,2739.7407500000004,1119.988
2016-05-01,Office Supplies,225.762,5,17,2,6,1,4421.475,1165.732,4794.344,2708.92675,2892.5176666666666,4421.475
2016-05-08,Office Supplies,2094.132,5,18,2,6,1,225.762,4128.512,808.648,2473.9342500000002,2755.0135000000005,225.762
2016-05-15,Office Supplies,2118.444,5,19,2,6,1,2094.132,1119.988,2126.434,1965.3392500000002,2780.3753333333334,2094.132
2016-05-22,Office Supplies,2698.863,5,20,2,6,1,2118.444,4421.475,1439.932,2214.95325,2777.8958333333335,2118.444
2016-05-29,Office Supplies,4503.809,5,21,2,6,1,2698.863,225.762,4109.978,1784.30025,2930.3472500000003,2698.863
2016-06-05,Office Supplies,2414.52,6,22,2,6,1,4503.809,2094.132,609.726,2853.812,2849.3535833333335,4503.809
2016-06-12,Office Supplies,2750.126,6,23,2,6,1,2414.52,2118.444,3240.98,2933.9089999999997,2359.5408333333335,2414.52
2016-06-19,Office Supplies,1614.95,6,24,2,6,1,2750.126,2698.863,4274.055,3091.8295,2362.894416666667,2750.126
2016-06-26,Office Supplies,4934.388,6,25,2,6,1,1614.95,4503.809,2498.026,2820.85125,2438.026083333333,1614.95
2016-07-03,Office Supplies,1750.992,7,26,3,6,1,4934.388,2414.52,1049.212,2928.496,2752.0807499999996,4934.388
2016-07-10,Office Supplies,988.831,7,27,3,6,1,1750.992,2750.126,1725.702,2762.614,2553.9540833333335,1750.992
2016-07-17,Office Supplies,1985.816,7,28,3,6,1,988.831,1614.95,654.9069999999999,2322.29025,2543.0243333333333,988.831
2016-07-24,Office Supplies,3894.521,7,29,3,6,1,1985.816,4934.388,1170.336,2415.00675,2340.0527500000003,1985.816
2016-07-31,Office Supplies,4964.818,7,30,3,6,1,3894.521,1750.992,166.23000000000002,2155.04,2645.7826666666665,3894.521
2016-08-07,Office Supplies,551.688,8,31,3,6,1,4964.818,988.831,2645.9700000000003,2958.4965,2885.0065,4964.818
2016-08-14,Office Supplies,3454.058,8,32,3,6,1,551.688,1985.816,1626.0,2849.21075,2754.4435,551.688
2016-08-21,Office Supplies,1292.6680000000001,8,33,3,6,1,3454.058,3894.521,2166.7039999999997,3216.2712500000007,2817.3764166666665,3454.058
2016-08-28,Office Supplies,3336.718,8,34,3,6,1,1292.6680000000001,4964.818,5058.426,2565.8080000000004,2549.7813333333334,1292.6680000000001
2016-09-04,Office Supplies,8771.493,9,35,3,6,1,3336.718,551.688,3242.538,2158.783,2626.6311666666666,3336.718
2016-09-11,Office Supplies,3638.015,9,36,3,6,1,8771.493,3454.058,3991.897,4213.7342499999995,3128.4117499999998,8771.493
2016-09-18,Office Supplies,4649.816,9,37,3,6,1,3638.015,1292.6680000000001,5613.952,4259.7235,3297.0005,3638.015
2016-09-25,Office Supplies,5652.093,9,38,3,6,1,4649.816,3336.718,5960.3,5099.0105,3273.2861666666668,4649.816
2016-10-02,Office Supplies,1894.6670000000001,10,39,4,6,1,5652.093,8771.493,1584.474,5677.854249999999,3598.3779166666664,5652.093
2016-10-09,Office Supplies,1062.65,10,40,4,6,1,1894.6670000000001,3638.015,2526.951,3958.64775,3673.86425,1894.6670000000001
2016-10-16,Office Supplies,2421.653,10,41,4,6,1,1062.65,4649.816,349.012,3314.8065,3596.93375,1062.65
2016-10-23,Office Supplies,8351.027999999998,10,42,4,6,1,2421.653,5652.093,2064.894,2757.76575,3474.19475,2421.653
2016-10-30,Office Supplies,1943.951,10,43,4,6,1,8351.027999999998,1894.6670000000001,2886.2470000000003,3432.4995,3756.3789166666666,8351.027999999998
2016-11-06,Office Supplies,5630.68,11,44,4,6,1,1943.951,1062.65,3585.5389999999998,3444.8205,3872.400833333333,1943.951
2016-11-13,Office Supplies,5191.382,11,45,4,6,1,5630.68,2421.653,6325.362,4586.8279999999995,4053.786,5630.68
2016-11-20,Office Supplies,3859.3010000000004,11,46,4,6,1,5191.382,8351.027999999998,4074.688,5279.26025,4378.678833333333,5191.382
2016-11-27,Office Supplies,4290.691,11,47,4,6,1,3859.3010000000004,1943.951,6797.1759999999995,4156.3285000000005,4422.227416666667,3859.3010000000004
2016-12-04,Office Supplies,12633.936,12,48,4,6,1,4290.691,5630.68,6559.359,4743.0135,4048.82725,4290.691
2016-12-11,Office Supplies,8253.616,12,49,4,6,1,12633.936,5191.382,2698.81,6493.8275,4798.4873333333335,12633.936
2016-12-18,Office Supplies,15723.114999999998,12,50,4,6,1,8253.616,3859.3010000000004,2522.428,7259.386,5098.804,8253.616
2016-12-25,Office Supplies,2652.785,12,51,4,6,1,15723.114999999998,4290.691,3019.214,10225.3395,5938.055833333333,15723.114999999998
2017-01-01,Office Supplies,2240.45,1,52,1,6,1,2652.785,12633.936,1939.0,9815.863000000001,6001.232333333333,2652.785
2017-01-08,Office Supplies,2893.4539999999997,1,1,1,6,1,2240.45,8253.616,359.494,7217.4915,6099.382333333334,2240.45
2017-01-15,Office Supplies,8029.815,1,2,1,6,1,2893.4539999999997,15723.114999999998,445.236,5877.451,6138.699083333333,2893.4539999999997
2017-01-22,Office Supplies,8562.348,1,3,1,6,1,8029.815,2652.785,1780.46,3954.1260000000007,6111.931333333333,8029.815
2017-01-29,Office Supplies,991.81,1,4,1,6,1,8562.348,2240.45,2588.152,5431.516750000001,6663.464416666666,8562.348
2017-02-05,Office Supplies,3431.693,2,5,1,6,1,991.81,2893.4539999999997,1875.812,5119.356750000001,6276.891916666667,991.81
2017-02-12,Office Supplies,761.972,2,6,1,6,1,3431.693,8029.815,1789.79,5253.916500000001,6130.251166666666,3431.693
2017-02-19,Office Supplies,2504.247,2,7,1,6,1,761.972,8562.348,2148.198,3436.955750000001,5872.140416666666,761.972
2017-02-26,Office Supplies,982.764,2,8,1,6,1,2504.247,991.81,869.446,1922.4305000000008,5723.270083333333,2504.247
2017-03-05,Office Supplies,1514.122,3,9,1,6,1,982.764,3431.693,5475.733,1920.169000000001,4752.339083333333,982.764
2017-03-12,Office Supplies,2793.3,3,10,1,6,1,1514.122,761.972,8292.273,1440.7762500000008,4190.714583333333,1514.122
2017-03-19,Office Supplies,4642.429,3,11,1,6,1,2793.3,2504.247,2709.883,1948.6082500000007,3113.2299999999996,2793.3
2017-03-26,Office Supplies,3419.63,3,12,1,6,1,4642.429,982.764,713.37,2483.153750000001,3279.0336666666667,4642.429
2017-04-02,Office Supplies,2544.547,4,13,2,6,1,3419.63,1514.122,1165.732,3092.370250000001,3377.298666666666,3419.63
2017-04-09,Office Supplies,7798.95,4,14,2,6,1,2544.547,2793.3,4128.512,3349.9765000000007,3348.223083333333,2544.547
2017-04-16,Office Supplies,2671.687,4,15,2,6,1,7798.95,4642.429,1119.988,4601.389000000001,3328.9843333333333,7798.95
2017-04-23,Office Supplies,2998.294,4,16,2,6,1,2671.687,3419.63,4421.475,4108.703500000001,2838.0959166666667,2671.687
2017-04-30,Office Supplies,1257.138,4,17,2,6,1,2998.294,2544.547,225.762,4003.3695000000007,3005.302916666666,2998.294
2017-05-07,Office Supplies,3517.126,5,18,2,6,1,1257.138,7798.95,2094.132,3681.517250000001,2824.09,1257.138
2017-05-14,Office Supplies,4277.6,5,19,2,6,1,3517.126,2671.687,2118.444,2611.0612500000007,3053.6861666666664,3517.126
2017-05-21,Office Supplies,3332.646,5,20,2,6,1,4277.6,2998.294,2698.863,3012.5395000000008,3201.465583333333,4277.6
2017-05-28,Office Supplies,1913.638,5,21,2,6,1,3332.646,1257.138,4503.809,3096.127500000001,3397.2890833333336,3332.646
2017-06-04,Office Supplies,4071.316,6,22,2,6,1,1913.638,3517.126,2414.52,3260.252500000001,3430.5820833333332,1913.638
2017-06-11,Office Supplies,3331.904,6,23,2,6,1,4071.316,4277.6,2750.126,3398.800000000001,3537.083416666667,4071.316
2017-06-18,Office Supplies,1855.164,6,24,2,6,1,3331.904,3332.646,1614.95,3162.3760000000007,3427.8729999999996,3331.904
2017-06-25,Office Supplies,2312.779,6,25,2,6,1,1855.164,1913.638,4934.388,2793.005500000001,3297.5008333333335,1855.164
2017-07-02,Office Supplies,6845.852,7,26,3,6,1,2312.779,4071.316,1750.992,2892.790750000001,3278.1868333333337,2312.779
2017-07-09,Office Supplies,2786.556,7,27,3,6,1,6845.852,3331.904,988.831,3586.424750000001,3198.762,6845.852
2017-07-16,Office Supplies,1605.924,7,28,3,6,1,2786.556,1855.164,1985.816,3450.087750000001,3208.3344166666666,2786.556
2017-07-23,Office Supplies,2769.866,7,29,3,6,1,1605.924,2312.779,3894.521,3387.7777500000007,3092.303583333333,1605.924
2017-07-30,Office Supplies,1112.824,7,30,3,6,1,2769.866,6845.852,4964.818,3502.0495000000005,3218.36425,2769.866
2017-08-06,Office Supplies,2501.102,8,31,3,6,1,1112.824,2786.556,551.688,2068.792500000001,3018.0057500000003,1112.824
2017-08-13,Office Supplies,6162.76,8,32,3,6,1,2501.102,1605.924,3454.058,1997.4290000000008,2869.9642500000004,2501.102
2017-08-20,Office Supplies,11964.424,8,33,3,6,1,6162.76,2769.866,1292.6680000000001,3136.638000000001,3105.807083333333,6162.76
2017-08-27,Office Supplies,8986.725999999999,8,34,3,6,1,11964.424,1112.824,3336.718,5435.277500000001,3943.3725833333338,11964.424
2017-09-03,Office Supplies,5389.182,9,35,3,6,1,8986.725999999999,2501.102,8771.493,7403.753000000001,4352.990083333333,8986.725999999999
2017-09-10,Office Supplies,7057.22,9,36,3,6,1,5389.182,6162.76,3638.015,8125.773000000001,4524.429916666667,5389.182
2017-09-17,Office Supplies,9109.61,9,37,3,6,1,7057.22,11964.424,4649.816,8349.388,4957.934583333334,7057.22
2017-09-24,Office Supplies,8739.672999999999,9,38,3,6,1,9109.61,8986.725999999999,5652.093,7635.684500000001,5524.337166666667,9109.61
2017-10-01,Office Supplies,3811.34,10,39,4,6,1,8739.672999999999,5389.182,1894.6670000000001,7573.921250000001,5682.155583333333,8739.672999999999
2017-10-08,Office Supplies,6206.228,10,40,4,6,1,3811.34,7057.22,1062.65,7179.46075,5767.55425,3811.34
2017-10-15,Office Supplies,7609.358,10,41,4,6,1,6206.228,9109.61,2421.653,6966.712750000001,6150.912916666667,6206.228
2017-10-22,Office Supplies,5157.045,10,42,4,6,1,7609.358,8739.672999999999,8351.027999999998,6591.6497500000005,6554.203916666666,7609.358
2017-10-29,Office Supplies,1307.243,10,43,4,6,1,5157.045,3811.34,1943.951,5695.992750000001,6891.222333333332,5157.045
2017-11-05,Office Supplies,6126.535,11,44,4,6,1,1307.243,6206.228,5630.68,5069.968500000001,6791.734083333333,1307.243
2017-11-12,Office Supplies,8479.136,11,45,4,6,1,6126.535,7609.358,5191.382,5050.045250000001,6788.715333333334,6126.535
2017-11-19,Office Supplies,11015.860999999999,11,46,4,6,1,8479.136,5157.045,3859.3010000000004,5267.489750000001,6498.274666666667,8479.136
2017-11-26,Office Supplies,5122.561000000001,11,47,4,6,1,11015.860999999999,1307.243,4290.691,6732.19375,6667.369250000001,11015.860999999999
2017-12-03,Office Supplies,7361.49,12,48,4,6,1,5122.561000000001,6126.535,12633.936,7686.02325,6645.150833333334,5122.561000000001
2017-12-10,Office Supplies,8338.717999999999,12,49,4,6,1,7361.49,8479.136,8253.616,7994.7620000000015,6670.506666666667,7361.49
2017-12-17,Office Supplies,3119.328,12,50,4,6,1,8338.717999999999,11015.860999999999,15723.114999999998,7959.6575,6606.265666666666,8338.717999999999
2017-12-24,Office Supplies,10527.386999999999,12,51,4,6,1,3119.328,5122.561000000001,2652.785,5985.52425,6137.903583333333,3119.328
2017-12-31,Office Supplies,3966.515,12,52,4,6,1,10527.386999999999,7361.49,2240.45,7336.730750000001,6697.574166666666,10527.386999999999
2015-01-04,Technology,6396.928,1,1,1,6,1,1552.882,2711.936,0.0,4058.807500000001,4798.021,1552.882
2015-01-11,Technology,0.0,1,2,1,6,1,6396.928,8535.512,1179.14,4980.055500000001,5166.811333333333,6396.928
2015-01-18,Technology,379.066,1,3,1,6,1,0.0,3434.9,920.89,2846.1775000000007,4803.500999999999,0.0
2015-01-25,Technology,0.0,1,4,1,6,1,379.066,1552.882,1043.26,2082.219000000001,4773.031166666667,379.066
2015-02-01,Technology,2507.322,2,5,1,6,1,0.0,6396.928,649.86,1693.9985000000008,4039.486666666667,0.0
2015-02-08,Technology,276.48,2,6,1,6,1,2507.322,0.0,421.92,721.5970000000009,3597.474166666667,2507.322
2015-02-15,Technology,2497.6,2,7,1,6,1,276.48,379.066,474.41999999999996,790.7170000000009,3253.260166666667,276.48
2015-02-22,Technology,29.99,2,8,1,6,1,2497.6,0.0,62.31,1320.350500000001,2838.049166666666,2497.6
2015-03-01,Technology,756.7239999999999,3,9,1,6,1,29.99,2507.322,157.14,1327.8480000000009,2360.218,29.99
2015-03-08,Technology,3130.064,3,10,1,6,1,756.7239999999999,276.48,489.96000000000004,890.1985000000009,2197.2836666666667,756.7239999999999
2015-03-15,Technology,490.176,3,11,1,6,1,3130.064,2497.6,1750.56,1603.5945000000008,1746.8296666666665,3130.064
2015-03-22,Technology,5874.702,3,12,1,6,1,490.176,29.99,29338.646,1101.7385000000008,1501.436,490.176
2015-03-29,Technology,476.236,3,13,1,6,1,5874.702,756.7239999999999,694.8839999999999,2562.916500000001,1861.5876666666666,5874.702
2015-04-05,Technology,1426.5,4,14,2,6,1,476.236,3130.064,1931.828,2492.794500000001,1368.1966666666667,476.236
2015-04-12,Technology,1156.538,4,15,2,6,1,1426.5,490.176,4617.5599999999995,2066.903500000001,1487.0716666666667,1426.5
2015-04-19,Technology,5047.972,4,16,2,6,1,1156.538,5874.702,515.944,2233.494000000001,1551.8609999999999,1156.538
2015-04-26,Technology,1158.672,4,17,2,6,1,5047.972,476.236,302.376,2026.811500000001,1972.5253333333333,5047.972
2015-05-03,Technology,3246.83,5,18,2,6,1,1158.672,1426.5,2387.694,2197.420500000001,1860.1378333333332,1158.672
2015-05-10,Technology,4170.946,5,19,2,6,1,3246.83,1156.538,3717.108,2652.503000000001,2107.667,3246.83
2015-05-17,Technology,1299.088,5,20,2,6,1,4170.946,5047.972,986.166,3406.105000000001,2247.1125,4170.946
2015-05-24,Technology,3749.0480000000002,5,21,2,6,1,1299.088,1158.672,874.872,2468.884000000001,2352.8706666666667,1299.088
2015-05-31,Technology,1809.278,5,22,2,6,1,3749.0480000000002,3246.83,4423.6759999999995,3116.478000000001,2602.231,3749.0480000000002
2015-06-07,Technology,1451.8300000000002,6,23,2,6,1,1809.278,4170.946,239.97,2757.090000000001,2492.1655,1809.278
2015-06-14,Technology,1542.57,6,24,2,6,1,1451.8300000000002,1299.088,1890.5520000000001,2077.311000000001,2572.3033333333333,1451.8300000000002
2015-06-21,Technology,1519.078,6,25,2,6,1,1542.57,3749.0480000000002,4849.217000000001,2138.181500000001,2211.2923333333333,1542.57
2015-06-28,Technology,1651.908,6,26,2,6,1,1519.078,1809.278,574.296,1580.689000000001,2298.195833333333,1519.078
2015-07-05,Technology,1478.98,7,27,3,6,1,1651.908,1451.8300000000002,1689.8619999999999,1541.3465000000008,2316.9798333333333,1651.908
2015-07-12,Technology,3228.262,7,28,3,6,1,1478.98,1542.57,1218.5639999999999,1548.134000000001,2343.85,1478.98
2015-07-19,Technology,1255.85,7,29,3,6,1,3228.262,1519.078,480.644,1969.557000000001,2192.2075,3228.262
2015-07-26,Technology,1888.604,7,30,3,6,1,1255.85,1651.908,4615.064,1903.750000000001,2200.3056666666666,1255.85
2015-08-02,Technology,3676.48,8,31,3,6,1,1888.604,1478.98,21.2,1962.924000000001,2087.1201666666666,1888.604
2015-08-09,Technology,2110.69,8,32,3,6,1,3676.48,3228.262,5151.222,2512.299000000001,2045.9146666666668,3676.48
2015-08-16,Technology,3147.2400000000002,8,33,3,6,1,2110.69,1255.85,1577.834,2232.906000000001,2113.548166666667,2110.69
2015-08-23,Technology,556.518,8,34,3,6,1,3147.2400000000002,1888.604,143.64,2705.7535000000007,2063.3974999999996,3147.2400000000002
2015-08-30,Technology,7990.508,8,35,3,6,1,556.518,3676.48,2315.764,2372.732000000001,1959.0008333333335,556.518
2015-09-06,Technology,3178.896,9,36,3,6,1,7990.508,2110.69,2790.8360000000002,3451.239000000001,2503.8906666666667,7990.508
2015-09-13,Technology,2163.808,9,37,3,6,1,3178.896,3147.2400000000002,14143.404,3718.290500000001,2640.2511666666664,3178.896
2015-09-20,Technology,4788.052,9,38,3,6,1,2163.808,556.518,12676.052,3472.432500000001,2693.978666666667,2163.808
2015-09-27,Technology,9374.054,9,39,3,6,1,4788.052,7990.508,240.96,4530.316000000001,2955.324,4788.052
2015-10-04,Technology,2057.2960000000003,10,40,4,6,1,9374.054,3178.896,1484.724,4876.202500000001,3613.246833333333,9374.054
2015-10-11,Technology,1654.0600000000002,10,41,4,6,1,2057.2960000000003,2163.808,1971.444,4595.802500000001,3515.666333333333,2057.2960000000003
2015-10-18,Technology,2279.15,10,42,4,6,1,1654.0600000000002,4788.052,4359.724,4468.365500000001,3548.8505,1654.0600000000002
2015-10-25,Technology,1665.358,10,43,4,6,1,2279.15,9374.054,744.704,3841.1400000000012,3581.396,2279.15
2015-11-01,Technology,5380.9400000000005,11,44,4,6,1,1665.358,2057.2960000000003,8802.534,1913.966000000001,3413.8025000000002,1665.358
2015-11-08,Technology,8559.172,11,45,4,6,1,5380.9400000000005,1654.0600000000002,7811.472,2744.8770000000013,3686.3233333333333,5380.9400000000005
2015-11-15,Technology,5572.876,11,46,4,6,1,8559.172,2279.15,4407.048,4471.155000000001,4137.317666666667,8559.172
2015-11-22,Technology,4501.051,11,47,4,6,1,5572.876,1665.358,7480.1320000000005,5294.586500000001,4555.3475,5572.876
2015-11-29,Technology,2980.952,11,48,4,6,1,4501.051,5380.9400000000005,5763.964,6003.509750000001,4264.559416666666,4501.051
2015-12-06,Technology,6433.108,12,49,4,6,1,2980.952,8559.172,2711.936,5403.512750000002,4248.064083333334,2980.952
2015-12-13,Technology,5531.76,12,50,4,6,1,6433.108,5572.876,8535.512,4871.99675,4603.839083333333,6433.108
2015-12-20,Technology,10637.947999999999,12,51,4,6,1,5531.76,4501.051,3434.9,4861.717750000001,4665.8147500000005,5531.76
2015-12-27,Technology,10410.788,12,52,4,6,1,10637.947999999999,2980.952,1552.882,6395.942000000001,4771.13925,10637.947999999999
2016-01-03,Technology,3499.444,1,53,1,6,1,10410.788,6433.108,6396.928,8253.401,5467.263583333333,10410.788
2016-01-10,Technology,2117.266,1,1,1,6,1,3499.444,5531.76,0.0,7519.985000000001,5621.0455833333335,3499.444
2016-01-17,Technology,1079.088,1,2,1,6,1,2117.266,10637.947999999999,379.066,6666.3615,5607.55525,2117.266
2016-01-24,Technology,265.53200000000004,1,3,1,6,1,1079.088,10410.788,0.0,4276.646500000001,5558.699416666667,1079.088
2016-01-31,Technology,1549.5600000000002,1,4,1,6,1,265.53200000000004,3499.444,2507.322,1740.3325000000004,5132.415416666667,265.53200000000004
2016-02-07,Technology,10314.038,2,5,1,6,1,1549.5600000000002,2117.266,276.48,1252.8615000000004,4548.281083333333,1549.5600000000002
2016-02-14,Technology,1319.736,2,6,1,6,1,10314.038,1079.088,2497.6,3302.0545000000006,4943.377916666667,10314.038
2016-02-21,Technology,142.94,2,7,1,6,1,1319.736,265.53200000000004,29.99,3362.216500000001,4678.268333333333,1319.736
2016-02-28,Technology,482.2,2,8,1,6,1,142.94,1549.5600000000002,756.7239999999999,3331.5685000000003,4441.767333333333,142.94
2016-03-06,Technology,7096.478,3,9,1,6,1,482.2,10314.038,3130.064,3064.7285000000006,3945.8583333333336,482.2
2016-03-13,Technology,10922.806,3,10,1,6,1,7096.478,1319.736,490.176,2260.3385000000007,4076.2515000000003,7096.478
2016-03-20,Technology,395.516,3,11,1,6,1,10922.806,142.94,5874.702,4661.106000000001,4099.989666666667,10922.806
2016-03-27,Technology,1869.174,3,12,1,6,1,395.516,482.2,476.236,4724.250000000001,3265.383666666667,395.516
2016-04-03,Technology,1591.9479999999999,4,13,2,6,1,1869.174,7096.478,1426.5,5070.9935000000005,3129.5278333333335,1869.174
2016-04-10,Technology,3803.2760000000003,4,14,2,6,1,1591.9479999999999,10922.806,1156.538,3694.861000000001,3085.751333333333,1591.9479999999999
2016-04-17,Technology,9872.594,4,15,2,6,1,3803.2760000000003,395.516,5047.972,1914.9785000000006,3312.767,3803.2760000000003
2016-04-24,Technology,454.18600000000004,4,16,2,6,1,9872.594,1869.174,1158.672,4284.2480000000005,4113.355500000001,9872.594
2016-05-01,Technology,452.37600000000003,5,17,2,6,1,454.18600000000004,1591.9479999999999,3246.83,3930.501,4022.0743333333335,454.18600000000004
2016-05-08,Technology,5497.269,5,18,2,6,1,452.37600000000003,3803.2760000000003,4170.946,3645.608,3200.269166666667,452.37600000000003
2016-05-15,Technology,1838.192,5,19,2,6,1,5497.269,9872.594,1299.088,4069.1062500000003,3548.3969166666666,5497.269
2016-05-22,Technology,4802.26,5,20,2,6,1,1838.192,454.18600000000004,3749.0480000000002,2060.5057500000003,3689.6679166666668,1838.192
2016-05-29,Technology,13153.692,5,21,2,6,1,4802.26,452.37600000000003,1809.278,3147.5242500000004,4049.6729166666664,4802.26
2016-06-05,Technology,4923.112,6,22,2,6,1,13153.692,5497.269,1451.8300000000002,6322.85325,4554.44075,13153.692
2016-06-12,Technology,6966.011,6,23,2,6,1,4923.112,1838.192,1542.57,6179.314,4054.46625,4923.112
2016-06-19,Technology,1114.169,6,24,2,6,1,6966.011,4802.26,1519.078,7461.26875,4602.0075,6966.011
2016-06-26,Technology,6298.4580000000005,6,25,2,6,1,1114.169,13153.692,1651.908,6539.246,4539.090416666667,1114.169
2016-07-03,Technology,2142.47,7,26,3,6,1,6298.4580000000005,4923.112,1478.98,4825.4375,4931.299583333333,6298.4580000000005
2016-07-10,Technology,5246.985,7,27,3,6,1,2142.47,6966.011,3228.262,4130.277,4792.899083333334,2142.47
2016-07-17,Technology,2796.466,7,28,3,6,1,5246.985,1114.169,1255.85,3700.5205,4407.431666666666,5246.985
2016-07-24,Technology,1078.0330000000001,7,29,3,6,1,2796.466,6298.4580000000005,1888.604,4121.094749999999,4602.621666666667,2796.466
2016-07-31,Technology,2616.726,7,30,3,6,1,1078.0330000000001,2142.47,3676.48,2815.9885,4654.75975,1078.0330000000001
2016-08-07,Technology,2234.106,8,31,3,6,1,2616.726,5246.985,2110.69,2934.5525,4414.7145,2616.726
2016-08-14,Technology,2409.304,8,32,3,6,1,2234.106,2796.466,3147.2400000000002,2181.33275,4447.707333333333,2234.106
2016-08-21,Technology,1376.8039999999999,8,33,3,6,1,2409.304,1078.0330000000001,556.518,2084.54225,4248.294333333334,2409.304
2016-08-28,Technology,2903.354,8,34,3,6,1,1376.8039999999999,2616.726,7990.508,2159.235,3266.887,1376.8039999999999
2016-09-04,Technology,9316.752,9,35,3,6,1,2903.354,2234.106,3178.896,2230.892,3098.5738333333334,2903.354
2016-09-11,Technology,8201.566,9,36,3,6,1,9316.752,2409.304,2163.808,4001.5535,3294.4689166666667,9316.752
2016-09-18,Technology,2038.424,9,37,3,6,1,8201.566,1376.8039999999999,4788.052,5449.619000000001,3885.085333333333,8201.566
2016-09-25,Technology,1436.528,9,38,3,6,1,2038.424,2903.354,9374.054,5615.024,3530.0825,2038.424
2016-10-02,Technology,20288.332000000002,10,39,4,6,1,1436.528,9316.752,2057.2960000000003,5248.3175,3471.2540000000004,1436.528
2016-10-09,Technology,7085.836,10,40,4,6,1,20288.332000000002,8201.566,1654.0600000000002,7991.212500000001,4724.699583333334,20288.332000000002
2016-10-16,Technology,3154.852,10,41,4,6,1,7085.836,2038.424,2279.15,7712.28,5082.147083333333,7085.836
2016-10-23,Technology,1207.042,10,42,4,6,1,3154.852,1436.528,1665.358,7991.387000000001,5255.215333333334,3154.852
2016-10-30,Technology,2436.282,10,43,4,6,1,1207.042,20288.332000000002,5380.9400000000005,7934.0155,5137.741666666667,1207.042
2016-11-06,Technology,1948.891,11,44,4,6,1,2436.282,7085.836,8559.172,3471.003,5154.589666666667,2436.282
2016-11-13,Technology,6274.416,11,45,4,6,1,1948.891,3154.852,5572.876,2186.76675,5116.221916666666,1948.891
2016-11-20,Technology,6127.634,11,46,4,6,1,6274.416,1207.042,4501.051,2966.6577500000003,5524.356250000001,6274.416
2016-11-27,Technology,12253.628,11,47,4,6,1,6127.634,2436.282,2980.952,4196.80575,5793.04625,6127.634
2016-12-04,Technology,4241.978,12,48,4,6,1,12253.628,1948.891,6433.108,6651.142250000001,6037.785916666668,12253.628
2016-12-11,Technology,6735.65,12,49,4,6,1,4241.978,6274.416,5531.76,7224.414000000001,5707.820250000001,4241.978
2016-12-18,Technology,2596.064,12,50,4,6,1,6735.65,6127.634,10637.947999999999,7339.7225,6099.25575,6735.65
2016-12-25,Technology,8550.83,12,51,4,6,1,2596.064,12253.628,10410.788,6456.830000000001,6195.88375,2596.064
2017-01-01,Technology,734.73,1,52,1,6,1,8550.83,4241.978,3499.444,5531.1305,5217.758583333333,8550.83
2017-01-08,Technology,3772.272,1,1,1,6,1,734.73,6735.65,2117.266,4654.3185,4688.49975,734.73
2017-01-15,Technology,639.264,1,2,1,6,1,3772.272,2596.064,1079.088,3913.474,4739.951416666667,3772.272
2017-01-22,Technology,5266.1849999999995,1,3,1,6,1,639.264,8550.83,265.53200000000004,3424.2740000000003,4692.636583333334,639.264
2017-01-29,Technology,4240.396,1,4,1,6,1,5266.1849999999995,734.73,1549.5600000000002,2603.1127500000002,4928.461833333334,5266.1849999999995
2017-02-05,Technology,3486.09,2,5,1,6,1,4240.396,3772.272,10314.038,3479.5292500000005,5119.4205833333335,4240.396
2017-02-12,Technology,444.22,2,6,1,6,1,3486.09,639.264,1319.736,3407.9837500000003,4887.060083333333,3486.09
2017-02-19,Technology,1742.338,2,7,1,6,1,444.22,5266.1849999999995,142.94,3359.2227500000004,4413.44225,444.22
2017-02-26,Technology,3169.312,2,8,1,6,1,1742.338,4240.396,482.2,2478.2610000000004,3537.5014166666665,1742.338
2017-03-05,Technology,2126.106,3,9,1,6,1,3169.312,3486.09,7096.478,2210.4900000000007,3448.112583333333,3169.312
2017-03-12,Technology,2047.94,3,10,1,6,1,2126.106,444.22,10922.806,1870.4940000000006,3063.9839166666666,2126.106
2017-03-19,Technology,4998.024,3,11,1,6,1,2047.94,1742.338,395.516,2271.4240000000004,3018.3069166666664,2047.94
2017-03-26,Technology,18878.538,3,12,1,6,1,4998.024,3169.312,1869.174,3085.3455000000004,2722.23975,4998.024
2017-04-02,Technology,10561.974,4,13,2,6,1,18878.538,2126.106,1591.9479999999999,7012.652,4234.22375,18878.538
2017-04-09,Technology,1381.24,4,14,2,6,1,10561.974,2047.94,3803.2760000000003,9121.619,4800.03225,10561.974
2017-04-16,Technology,448.776,4,15,2,6,1,1381.24,4998.024,9872.594,8954.944,4861.863583333333,1381.24
2017-04-23,Technology,3207.521,4,16,2,6,1,448.776,18878.538,454.18600000000004,7817.6320000000005,4460.412833333333,448.776
2017-04-30,Technology,2161.8900000000003,4,17,2,6,1,3207.521,10561.974,452.37600000000003,3899.87775,4374.339916666667,3207.521
2017-05-07,Technology,2120.234,5,18,2,6,1,2161.8900000000003,1381.24,5497.269,1799.8567500000001,4263.989916666666,2161.8900000000003
2017-05-14,Technology,6273.164000000001,5,19,2,6,1,2120.234,448.776,1838.192,1984.60525,4403.65775,2120.234
2017-05-21,Technology,3279.504,5,20,2,6,1,6273.164000000001,3207.521,4802.26,3440.7022500000003,4781.226583333333,6273.164000000001
2017-05-28,Technology,1701.534,5,21,2,6,1,3279.504,2161.8900000000003,13153.692,3458.6980000000003,4790.40925,3279.504
2017-06-04,Technology,2592.604,6,22,2,6,1,1701.534,2120.234,4923.112,3343.6090000000004,4755.02825,1701.534
2017-06-11,Technology,1846.0720000000001,6,23,2,6,1,2592.604,6273.164000000001,6966.011,3461.7015,4800.416916666666,2592.604
2017-06-18,Technology,7075.49,6,24,2,6,1,1846.0720000000001,3279.504,1114.169,2354.9285,4537.75425,1846.0720000000001
2017-06-25,Technology,1267.808,6,25,2,6,1,7075.49,1701.534,6298.4580000000005,3303.925,3554.1669166666666,7075.49
2017-07-02,Technology,4471.278,7,26,3,6,1,1267.808,2592.604,2142.47,3195.4935,2779.653083333333,1267.808
2017-07-09,Technology,7497.466,7,27,3,6,1,4471.278,1846.0720000000001,5246.985,3665.162,3037.15625,4471.278
2017-07-16,Technology,4074.788,7,28,3,6,1,7497.466,7075.49,2796.466,5078.0105,3624.5470833333334,7497.466
2017-07-23,Technology,4510.218,7,29,3,6,1,4074.788,1267.808,1078.0330000000001,4327.835,3696.8193333333334,4074.788
2017-07-30,Technology,6763.662,7,30,3,6,1,4510.218,4471.278,2616.726,5138.4375,3892.513333333334,4510.218
2017-08-06,Technology,3116.264,8,31,3,6,1,6763.662,7497.466,2234.106,5711.5335,4279.465666666667,6763.662
2017-08-13,Technology,3514.222,8,32,3,6,1,3116.264,4074.788,2409.304,4616.233,4016.3906666666667,3116.264
2017-08-20,Technology,2715.126,8,33,3,6,1,3514.222,4510.218,1376.8039999999999,4476.0914999999995,4035.9505000000004,3514.222
2017-08-27,Technology,7252.866,8,34,3,6,1,2715.126,6763.662,2903.354,4027.3185000000003,4120.4165,2715.126
2017-09-03,Technology,5765.0199999999995,9,35,3,6,1,7252.866,3116.264,9316.752,4149.619500000001,4508.7716666666665,7252.866
2017-09-10,Technology,5486.8,9,36,3,6,1,5765.0199999999995,3514.222,8201.566,4811.8085,4835.350666666667,5765.0199999999995
2017-09-17,Technology,5822.573,9,37,3,6,1,5486.8,2715.126,2038.424,5304.9529999999995,4702.959833333333,5486.8
2017-09-24,Technology,10341.876,9,38,3,6,1,5822.573,7252.866,1436.528,6081.81475,5082.523583333334,5822.573
2017-10-01,Technology,2720.4500000000003,10,39,4,6,1,10341.876,5765.0199999999995,20288.332000000002,6854.06725,5571.740083333334,10341.876
2017-10-08,Technology,8658.480000000001,10,40,4,6,1,2720.4500000000003,5486.8,7085.836,6092.92475,5173.655416666667,2720.4500000000003
2017-10-15,Technology,2566.522,10,41,4,6,1,8658.480000000001,5822.573,3154.852,6885.84475,5555.62975,8658.480000000001
2017-10-22,Technology,16497.111,10,42,4,6,1,2566.522,10341.876,1207.042,6071.832000000001,5393.655083333334,2566.522
2017-10-29,Technology,2224.262,10,43,4,6,1,16497.111,2720.4500000000003,2436.282,7610.6407500000005,6204.775833333334,16497.111
2017-11-05,Technology,16628.196,11,44,4,6,1,2224.262,8658.480000000001,1948.891,7486.593750000001,6130.442333333333,2224.262
2017-11-12,Technology,5774.17,11,45,4,6,1,16628.196,2566.522,6274.416,9479.02275,7223.2735,16628.196
2017-11-19,Technology,17120.927,11,46,4,6,1,5774.17,16497.111,6127.634,10280.93475,7478.193833333334,5774.17
2017-11-26,Technology,8049.792,11,47,4,6,1,17120.927,2224.262,12253.628,10436.88875,8300.53225,17120.927
2017-12-03,Technology,8984.908,12,48,4,6,1,8049.792,16628.196,4241.978,11893.27125,8490.929916666666,8049.792
2017-12-10,Technology,6873.836,12,49,4,6,1,8984.908,5774.17,6735.65,9982.449250000001,8782.438916666666,8984.908
2017-12-17,Technology,2736.816,12,50,4,6,1,6873.836,17120.927,2596.064,10257.36575,8870.044166666668,6873.836
2017-12-24,Technology,5860.934,12,51,4,6,1,2736.816,8049.792,8550.83,6661.338,8236.289166666667,2736.816
2017-12-31,Technology,973.752,12,52,4,6,1,5860.934,8984.908,734.73,6114.1235,8497.996166666668,5860.934
